#id	ref1	break_pos1	region1	ref2	break_pos2	region2	num_span	num_paired	genes_1	genes_2	fusion_class
0	1	44776032	[44776032,44776033]	19	49491840	[49491840,49491841]	1	1	RPS8	RPL13A	inter-chromosomal
1	11	809986	[809986,809987]	6	34417453	[34417453,34417454]	1	1	RPLP2	RPS10-NUDT3	inter-chromosomal
2	16	1962059	[1962059,1962060]	3	101576943	[101576943,101576944]	1	1	RPS2	PCNP	inter-chromosomal
3	16	1964627	[1964627,1964628]	3	101576437	[101576437,101576438]	1	1	RPS2	PCNP	inter-chromosomal
4	11	63974627	[63974627,63974628]	X	154400912	[154400912,154400913]	1	1	COX8A	RPL10	inter-chromosomal
5	2	101002701	[101002701,101002702]	5	181236932	[181236932,181236933]	1	1	RPL31	RACK1	inter-chromosomal
6	14	49586356	[49586356,49586357]	6	34417453	[34417453,34417454]	1	1	RPS29	RPS10-NUDT3	inter-chromosomal
7	19	58394803	[58394803,58394804]	2	101002701	[101002701,101002702]	1	1	RPS5	RPL31	inter-chromosomal
8	M	1682	[1682,1683]	M	7518	[7518,7519]	1	1	MT-RNR2	MT-CO1	intra-chromosomal
9	12	49129706	[49129706,49129707]	12	103947913	[103947913,103947914]	1	1	TUBA1B	HSP90B1	intra-chromosomal
10	10	78040696	[78040696,78040697]	11	75399531	[75399531,75399532]	1	1	RPS24	RPS3	inter-chromosomal
11	14	49586359	[49586359,49586360]	9	133348920	[133348920,133348921]	1	1	RPS29	RPL7A	inter-chromosomal
12	14	49583578	[49583578,49583579]	9	133348920	[133348920,133348921]	1	1	RPS29	RPL7A	inter-chromosomal
13	5	181236935	[181236935,181236936]	6	33272091	[33272091,33272092]	1	1	RACK1	RPS18	inter-chromosomal
14	4	151104639	[151104639,151104640]	5	181243890	[181243890,181243891]	1	1	RPS3A	RACK1	inter-chromosomal
15	4	113214399	[113214399,113214400]	6	33276504	[33276504,33276505]	1	1	ANK2	RPS18	inter-chromosomal
16	19	48966878	[48966878,48966879]	9	133348920	[133348920,133348921]	1	1	FTL	RPL7A	inter-chromosomal
17	22	39312883	[39312883,39312884]	8	56074494	[56074494,56074495]	1	1	RPL3	RPS20	inter-chromosomal
18	1	96679628	[96679628,96679629]	11	812875	[812875,812876]	1	1	RPL7P9	RPLP2	inter-chromosomal
19	11	75399533	[75399533,75399534]	17	81510678	[81510678,81510679]	1	1	RPS3	ACTG1	inter-chromosomal
20	6	34417459	[34417459,34417460]	X	154398500	[154398500,154398501]	1	1	RPS10-NUDT3	RPL10	inter-chromosomal
21	6	34426061	[34426061,34426062]	X	154400912	[154400912,154400913]	1	1	RPS10-NUDT3	RPL10	inter-chromosomal
22	3	39406731	[39406731,39406732]	4	113213967	[113213967,113213968]	1	1	RPSA	ANK2	inter-chromosomal
23	11	809979	[809979,809980]	4	151104639	[151104639,151104640]	1	1	RPLP2	RPS3A	inter-chromosomal
24	1	96678796	[96678796,96678797]	10	78033867	[78033867,78033868]	1	1	RPL7P9	RPS24	inter-chromosomal
25	1	96679628	[96679628,96679629]	14	49583578	[49583578,49583579]	1	1	RPL7P9	RPS29	inter-chromosomal
26	11	75405688	[75405688,75405689]	5	55944629	[55944629,55944630]	1	1	RPS3	IL6ST	inter-chromosomal
27	18	49488483	[49488483,49488484]	3	101576987	[101576987,101576988]	1	1	RPL17-C18orf32	PCNP	inter-chromosomal
28	19	49496445	[49496445,49496446]	4	108625255	[108625255,108625256]	1	1	RPS11	RPL34	inter-chromosomal
29	X	119786507	[119786507,119786508]	X	154398495	[154398495,154398496]	1	1	RPL39	RPL10	intra-chromosomal
30	17	81509970	[81509970,81509971]	19	58387283	[58387283,58387284]	1	1	ACTG1	RPS5	inter-chromosomal
31	19	49499688	[49499688,49499689]	X	154398495	[154398495,154398496]	1	1	RPS11	RPL10	inter-chromosomal
32	14	49586352	[49586352,49586353]	17	39204721	[39204721,39204722]	1	1	RPS29	RPL19	inter-chromosomal
33	5	181243894	[181243894,181243895]	8	98041720	[98041720,98041721]	1	1	RACK1	RPL30	inter-chromosomal
34	6	34417453	[34417453,34417454]	8	98045533	[98045533,98045534]	1	1	RPS10-NUDT3	RPL30	inter-chromosomal
35	6	132814567	[132814567,132814568]	7	44801627	[44801627,44801628]	1	1	RPS12	PPIA	inter-chromosomal
36	5	181236934	[181236934,181236935]	X	154398495	[154398495,154398496]	1	1	RACK1	RPL10	inter-chromosomal
37	11	75399526	[75399526,75399527]	8	98041721	[98041721,98041722]	1	1	RPS3	RPL30	inter-chromosomal
38	11	119015711	[119015711,119015712]	8	98045532	[98045532,98045533]	1	1	RPS25	RPL30	inter-chromosomal
39	11	46429150	[46429150,46429151]	4	151104636	[151104636,151104637]	1	1	AMBRA1	RPS3A	inter-chromosomal
40	19	39433213	[39433213,39433214]	2	171517724	[171517724,171517725]	1	1	RPS16	RPS15P4	inter-chromosomal
41	19	39433213	[39433213,39433214]	X	154398495	[154398495,154398496]	1	1	RPS16	RPL10	inter-chromosomal
42	19	55388367	[55388367,55388368]	M	10063	[10063,10064]	1	1	RPL28	MT-ND3	inter-chromosomal
43	11	46429151	[46429151,46429152]	3	39412437	[39412437,39412438]	1	1	AMBRA1	RPSA	inter-chromosomal
44	2	55232806	[55232806,55232807]	6	34417453	[34417453,34417454]	1	1	RPS27A	RPS10-NUDT3	inter-chromosomal
45	5	150444237	[150444237,150444238]	9	127451390	[127451390,127451391]	1	1	RPS14	RPL12	inter-chromosomal
46	11	75399527	[75399527,75399528]	6	34417453	[34417453,34417454]	1	1	RPS3	RPS10-NUDT3	inter-chromosomal
47	16	1964627	[1964627,1964628]	3	53225653	[53225653,53225654]	1	1	RPS2	TKT	inter-chromosomal
48	17	38850080	[38850080,38850081]	8	98041720	[98041720,98041721]	1	1	RPL23	RPL30	inter-chromosomal
49	13	45341174	[45341174,45341175]	6	34417461	[34417461,34417462]	1	1	TPT1	RPS10-NUDT3	inter-chromosomal
50	17	8377520	[8377520,8377521]	8	144792142	[144792142,144792143]	1	1	RP11-849F2.7	RPL8	inter-chromosomal
51	3	101686706	[101686706,101686707]	9	127447675	[127447675,127447676]	1	1	RPL24	RPL12	inter-chromosomal
52	10	120355211	[120355211,120355212]	19	49499688	[49499688,49499689]	1	1	RPL21P16	RPS11	inter-chromosomal
53	10	120354655	[120354655,120354656]	19	49496441	[49496441,49496442]	1	1	RPL21P16	RPS11	inter-chromosomal
54	19	39433209	[39433209,39433210]	4	151099640	[151099640,151099641]	1	1	RPS16	RPS3A	inter-chromosomal
55	19	49487619	[49487619,49487620]	X	154400912	[154400912,154400913]	1	1	RPL13A	RPL10	inter-chromosomal
56	11	75405688	[75405688,75405689]	16	1964627	[1964627,1964628]	1	1	RPS3	RPS2	inter-chromosomal
57	17	39201210	[39201210,39201211]	19	50879233	[50879233,50879234]	1	1	RPL19	KLK2	inter-chromosomal
58	11	63974630	[63974630,63974631]	12	112405189	[112405189,112405190]	1	1	COX8A	RPL6	inter-chromosomal
59	19	1438808	[1438808,1438809]	19	55388369	[55388369,55388370]	1	1	RPS15	RPL28	intra-chromosomal
60	5	181236946	[181236946,181236947]	9	124861943	[124861943,124861944]	1	1	RACK1	RPL35	inter-chromosomal
61	11	75399531	[75399531,75399532]	6	73372919	[73372919,73372920]	1	1	RPS3	OOEP	inter-chromosomal
62	10	78040696	[78040696,78040697]	9	133348920	[133348920,133348921]	1	1	RPS24	RPL7A	inter-chromosomal
63	19	49491839	[49491839,49491840]	19	55386347	[55386347,55386348]	1	1	RPL13A	RPL28	intra-chromosomal
64	13	45341162	[45341162,45341163]	9	133351422	[133351422,133351423]	1	1	TPT1	RPL7A	inter-chromosomal
65	16	1964627	[1964627,1964628]	17	43002958	[43002958,43002959]	1	1	RPS2	RPL27	inter-chromosomal
66	16	1962060	[1962060,1962061]	17	42998456	[42998456,42998457]	1	1	RPS2	RPL27	inter-chromosomal
67	19	49499688	[49499688,49499689]	X	72276234	[72276234,72276235]	1	1	RPS11	PIN4	inter-chromosomal
68	14	49586364	[49586364,49586365]	8	98041720	[98041720,98041721]	1	1	RPS29	RPL30	inter-chromosomal
69	14	49586359	[49586359,49586360]	16	1962059	[1962059,1962060]	1	1	RPS29	RPS2	inter-chromosomal
70	19	49491840	[49491840,49491841]	4	108621948	[108621948,108621949]	1	1	RPL13A	RPL34	inter-chromosomal
71	11	8683200	[8683200,8683201]	X	154400912	[154400912,154400913]	1	1	RPL27A	RPL10	inter-chromosomal
72	11	75399536	[75399536,75399537]	8	144789768	[144789768,144789769]	1	1	RPS3	RPL8	inter-chromosomal
73	4	108625255	[108625255,108625256]	8	56074489	[56074489,56074490]	1	1	RPL34	RPS20	inter-chromosomal
74	10	78040696	[78040696,78040697]	11	809975	[809975,809976]	1	1	RPS24	RPLP2	inter-chromosomal
75	11	75399530	[75399530,75399531]	22	39312883	[39312883,39312884]	1	1	RPS3	RPL3	inter-chromosomal
76	4	151104636	[151104636,151104637]	7	137513832	[137513832,137513833]	1	1	RPS3A	DGKI	inter-chromosomal
77	11	75399531	[75399531,75399532]	13	45337178	[45337178,45337179]	1	1	RPS3	TPT1	inter-chromosomal
78	17	16439323	[16439323,16439324]	8	98041720	[98041720,98041721]	1	1	SNHG29	RPL30	inter-chromosomal
79	17	39204721	[39204721,39204722]	19	48965321	[48965321,48965322]	1	1	RPL19	FTL	inter-chromosomal
80	17	39201210	[39201210,39201211]	9	133351425	[133351425,133351426]	1	1	RPL19	RPL7A	inter-chromosomal
81	10	78033876	[78033876,78033877]	19	49491836	[49491836,49491837]	1	1	RPS24	RPL13A	inter-chromosomal
82	14	49586359	[49586359,49586360]	17	43002958	[43002958,43002959]	1	1	RPS29	RPL27	inter-chromosomal
83	11	809977	[809977,809978]	11	63976542	[63976542,63976543]	1	1	RPLP2	COX8A	intra-chromosomal
84	5	181236928	[181236928,181236929]	8	144792142	[144792142,144792143]	1	1	RACK1	RPL8	inter-chromosomal
85	17	39204722	[39204722,39204723]	17	74203690	[74203690,74203691]	1	1	RPL19	RPL38	intra-chromosomal
86	9	127451391	[127451391,127451392]	X	154400911	[154400911,154400912]	1	1	RPL12	RPL10	inter-chromosomal
87	3	101576440	[101576440,101576441]	4	151099638	[151099638,151099639]	1	1	PCNP	RPS3A	inter-chromosomal
88	19	50879233	[50879233,50879234]	X	154398498	[154398498,154398499]	1	1	KLK2	RPL10	inter-chromosomal
89	11	119018334	[119018334,119018335]	14	49583575	[49583575,49583576]	1	1	RPS25	RPS29	inter-chromosomal
90	1	44776032	[44776032,44776033]	3	40462279	[40462279,40462280]	1	1	RPS8	RPL14	inter-chromosomal
91	3	101576978	[101576978,101576979]	9	133351425	[133351425,133351426]	1	1	PCNP	RPL7A	inter-chromosomal
92	19	39435932	[39435932,39435933]	19	49499689	[49499689,49499690]	1	1	RPS16	RPS11	intra-chromosomal
93	13	45337178	[45337178,45337179]	6	33272089	[33272089,33272090]	1	1	TPT1	RPS18	inter-chromosomal
94	19	48619167	[48619167,48619168]	X	154400916	[154400916,154400917]	1	1	RPL18	RPL10	inter-chromosomal
95	1	44778739	[44778739,44778740]	10	120355208	[120355208,120355209]	1	1	RPS8	RPL21P16	inter-chromosomal
96	19	12643939	[12643939,12643940]	9	133351422	[133351422,133351423]	1	1	RPL10P16	RPL7A	inter-chromosomal
97	17	39204721	[39204721,39204722]	19	49487619	[49487619,49487620]	1	1	RPL19	RPL13A	inter-chromosomal
98	15	66504833	[66504833,66504834]	9	124857885	[124857885,124857886]	1	1	RPL4	RPL35	inter-chromosomal
99	11	63974621	[63974621,63974622]	19	49499688	[49499688,49499689]	1	1	COX8A	RPS11	inter-chromosomal
100	8	98045407	[98045407,98045408]	9	133019695	[133019695,133019696]	1	1	RPL30	EEF1A1P5	inter-chromosomal
101	17	39200327	[39200327,39200328]	6	34417453	[34417453,34417454]	1	1	RPL19	RPS10-NUDT3	inter-chromosomal
102	11	809977	[809977,809978]	5	181236934	[181236934,181236935]	1	1	RPLP2	RACK1	inter-chromosomal
103	17	8377522	[8377522,8377523]	9	124861950	[124861950,124861951]	1	1	RP11-849F2.7	RPL35	inter-chromosomal
104	3	39412433	[39412433,39412434]	6	153282744	[153282744,153282745]	1	1	RPSA	RP11-306O13.1	inter-chromosomal
105	1	6199583	[6199583,6199584]	19	49491840	[49491840,49491841]	1	1	RPL22	RPL13A	inter-chromosomal
106	2	101006417	[101006417,101006418]	6	34426062	[34426062,34426063]	1	1	RPL31	RPS10-NUDT3	inter-chromosomal
107	1	23692602	[23692602,23692603]	5	150444237	[150444237,150444238]	1	1	RPL11	RPS14	inter-chromosomal
108	11	63974608	[63974608,63974609]	14	49583576	[49583576,49583577]	1	1	COX8A	RPS29	inter-chromosomal
109	5	150449725	[150449725,150449726]	9	133351425	[133351425,133351426]	1	1	RPS14	RPL7A	inter-chromosomal
110	17	74203703	[74203703,74203704]	2	101006417	[101006417,101006418]	1	1	RPL38	RPL31	inter-chromosomal
111	17	28723933	[28723933,28723934]	9	124861940	[124861940,124861941]	1	1	RPL23A	RPL35	inter-chromosomal
112	1	92832049	[92832049,92832050]	2	101006417	[101006417,101006418]	1	1	RPL5	RPL31	inter-chromosomal
113	17	81509970	[81509970,81509971]	19	39435936	[39435936,39435937]	1	1	ACTG1	RPS16	inter-chromosomal
114	13	45341165	[45341165,45341166]	6	132817563	[132817563,132817564]	1	1	TPT1	RPS12	inter-chromosomal
115	11	65122121	[65122121,65122122]	6	34417453	[34417453,34417454]	1	1	FAU	RPS10-NUDT3	inter-chromosomal
116	19	49496442	[49496442,49496443]	5	181236936	[181236936,181236937]	1	1	RPS11	RACK1	inter-chromosomal
117	10	78040696	[78040696,78040697]	8	98045532	[98045532,98045533]	1	1	RPS24	RPL30	inter-chromosomal
118	1	44775583	[44775583,44775584]	19	49499688	[49499688,49499689]	1	1	RPS8	RPS11	inter-chromosomal
119	11	62559600	[62559600,62559601]	5	181243895	[181243895,181243896]	1	1	EEF1G	RACK1	inter-chromosomal
120	4	151099641	[151099641,151099642]	8	144789768	[144789768,144789769]	1	1	RPS3A	RPL8	inter-chromosomal
121	10	120355210	[120355210,120355211]	X	154400912	[154400912,154400913]	1	1	RPL21P16	RPL10	inter-chromosomal
122	16	18782967	[18782967,18782968]	9	124861555	[124861555,124861556]	1	1	RPS15A	RPL35	inter-chromosomal
123	17	43002958	[43002958,43002959]	X	154398495	[154398495,154398496]	1	1	RPL27	RPL10	inter-chromosomal
124	6	34417453	[34417453,34417454]	8	56074493	[56074493,56074494]	1	1	RPS10-NUDT3	RPS20	inter-chromosomal
125	5	150444237	[150444237,150444238]	8	56074494	[56074494,56074495]	1	1	RPS14	RPS20	inter-chromosomal
126	19	49497191	[49497191,49497192]	8	98041720	[98041720,98041721]	1	1	RPS11	RPL30	inter-chromosomal
127	17	39200327	[39200327,39200328]	19	55388369	[55388369,55388370]	1	1	RPL19	RPL28	inter-chromosomal
128	19	49496440	[49496440,49496441]	4	151104636	[151104636,151104637]	1	1	RPS11	RPS3A	inter-chromosomal
129	19	49499688	[49499688,49499689]	4	151099641	[151099641,151099642]	1	1	RPS11	RPS3A	inter-chromosomal
130	1	44776069	[44776069,44776070]	9	133351417	[133351417,133351418]	1	1	RPS8	RPL7A	inter-chromosomal
131	5	181236936	[181236936,181236937]	6	34426054	[34426054,34426055]	1	1	RACK1	RPS10-NUDT3	inter-chromosomal
132	17	39200323	[39200323,39200324]	19	39433209	[39433209,39433210]	1	1	RPL19	RPS16	inter-chromosomal
133	12	112408657	[112408657,112408658]	19	49499688	[49499688,49499689]	1	1	RPL6	RPS11	inter-chromosomal
134	11	46428598	[46428598,46428599]	9	127451393	[127451393,127451394]	1	1	AMBRA1	RPL12	inter-chromosomal
135	9	133351425	[133351425,133351426]	X	79367315	[79367315,79367316]	1	1	RPL7A	ITM2A	inter-chromosomal
136	11	65120986	[65120986,65120987]	9	133348920	[133348920,133348921]	1	1	FAU	RPL7A	inter-chromosomal
137	11	75399533	[75399533,75399534]	19	49491840	[49491840,49491841]	1	1	RPS3	RPL13A	inter-chromosomal
138	11	75399526	[75399526,75399527]	19	49499688	[49499688,49499689]	1	1	RPS3	RPS11	inter-chromosomal
139	2	203191327	[203191327,203191328]	4	151099636	[151099636,151099637]	1	1	NBEAL1	RPS3A	inter-chromosomal
140	2	203190704	[203190704,203190705]	4	151104636	[151104636,151104637]	1	1	NBEAL1	RPS3A	inter-chromosomal
141	13	45341167	[45341167,45341168]	3	40462275	[40462275,40462276]	1	1	TPT1	RPL14	inter-chromosomal
142	16	18789118	[18789118,18789119]	5	181236936	[181236936,181236937]	1	1	RPS15A	RACK1	inter-chromosomal
143	1	96679628	[96679628,96679629]	2	101006418	[101006418,101006419]	1	1	RPL7P9	RPL31	inter-chromosomal
144	16	1964627	[1964627,1964628]	8	98041720	[98041720,98041721]	1	1	RPS2	RPL30	inter-chromosomal
145	2	171517222	[171517222,171517223]	3	39406729	[39406729,39406730]	1	1	RPS15P4	RPSA	inter-chromosomal
146	16	1962059	[1962059,1962060]	17	39201210	[39201210,39201211]	1	1	RPS2	RPL19	inter-chromosomal
147	11	8685845	[8685845,8685846]	11	75399536	[75399536,75399537]	1	1	RPL27A	RPS3	intra-chromosomal
148	5	150444237	[150444237,150444238]	6	33272087	[33272087,33272088]	1	1	RPS14	RPS18	inter-chromosomal
149	11	8685842	[8685842,8685843]	8	56074484	[56074484,56074485]	1	1	RPL27A	RPS20	inter-chromosomal
150	1	23696419	[23696419,23696420]	17	74203686	[74203686,74203687]	1	1	RPL11	RPL38	inter-chromosomal
151	19	49496440	[49496440,49496441]	22	39312883	[39312883,39312884]	1	1	RPS11	RPL3	inter-chromosomal
152	11	812871	[812871,812872]	19	49496443	[49496443,49496444]	1	1	RPLP2	RPS11	inter-chromosomal
153	1	44776032	[44776032,44776033]	8	98041720	[98041720,98041721]	1	1	RPS8	RPL30	inter-chromosomal
154	11	809976	[809976,809977]	17	39204717	[39204717,39204718]	1	1	RPLP2	RPL19	inter-chromosomal
155	10	120354656	[120354656,120354657]	11	75399528	[75399528,75399529]	1	1	RPL21P16	RPS3	inter-chromosomal
156	19	39433213	[39433213,39433214]	6	34426055	[34426055,34426056]	1	1	RPS16	RPS10-NUDT3	inter-chromosomal
157	16	1964627	[1964627,1964628]	2	101006417	[101006417,101006418]	1	1	RPS2	RPL31	inter-chromosomal
158	13	45341174	[45341174,45341175]	17	74209879	[74209879,74209880]	1	1	TPT1	RPL38	inter-chromosomal
159	11	8685845	[8685845,8685846]	6	34426057	[34426057,34426058]	1	1	RPL27A	RPS10-NUDT3	inter-chromosomal
160	16	18789111	[18789111,18789112]	6	33276502	[33276502,33276503]	1	1	RPS15A	RPS18	inter-chromosomal
161	4	108621948	[108621948,108621949]	9	124857885	[124857885,124857886]	1	1	RPL34	RPL35	inter-chromosomal
162	11	809975	[809975,809976]	11	62559600	[62559600,62559601]	1	1	RPLP2	EEF1G	intra-chromosomal
163	1	44778737	[44778737,44778738]	2	101002701	[101002701,101002702]	1	1	RPS8	RPL31	inter-chromosomal
164	19	49489846	[49489846,49489847]	5	181236946	[181236946,181236947]	1	1	RPL13A	RACK1	inter-chromosomal
165	19	39433213	[39433213,39433214]	5	150449724	[150449724,150449725]	1	1	RPS16	RPS14	inter-chromosomal
166	15	66499323	[66499323,66499324]	8	56074494	[56074494,56074495]	1	1	RPL4	RPS20	inter-chromosomal
167	1	23696417	[23696417,23696418]	14	49586363	[49586363,49586364]	1	1	RPL11	RPS29	inter-chromosomal
168	1	96679628	[96679628,96679629]	19	49499688	[49499688,49499689]	1	1	RPL7P9	RPS11	inter-chromosomal
169	11	46428593	[46428593,46428594]	16	1964627	[1964627,1964628]	1	1	AMBRA1	RPS2	inter-chromosomal
170	12	112405189	[112405189,112405190]	16	18789118	[18789118,18789119]	1	1	RPL6	RPS15A	inter-chromosomal
171	11	809987	[809987,809988]	19	39433213	[39433213,39433214]	1	1	RPLP2	RPS16	inter-chromosomal
172	19	49491840	[49491840,49491841]	9	124861555	[124861555,124861556]	1	1	RPL13A	RPL35	inter-chromosomal
173	15	66504834	[66504834,66504835]	16	1962060	[1962060,1962061]	1	1	RPL4	RPS2	inter-chromosomal
174	12	112408656	[112408656,112408657]	5	181236931	[181236931,181236932]	1	1	RPL6	RACK1	inter-chromosomal
175	17	28723915	[28723915,28723916]	4	108621949	[108621949,108621950]	1	1	RPL23A	RPL34	inter-chromosomal
176	13	45341167	[45341167,45341168]	16	1962060	[1962060,1962061]	1	1	TPT1	RPS2	inter-chromosomal
177	1	23692607	[23692607,23692608]	11	812865	[812865,812866]	1	1	RPL11	RPLP2	inter-chromosomal
178	1	96679615	[96679615,96679616]	4	108625255	[108625255,108625256]	1	1	RPL7P9	RPL34	inter-chromosomal
179	10	120354654	[120354654,120354655]	12	112408657	[112408657,112408658]	1	1	RPL21P16	RPL6	inter-chromosomal
180	10	120355211	[120355211,120355212]	19	55388368	[55388368,55388369]	1	1	RPL21P16	RPL28	inter-chromosomal
181	15	82372888	[82372888,82372889]	19	39433215	[39433215,39433216]	1	1	UBE2Q2P2	RPS16	inter-chromosomal
182	1	8861001	[8861001,8861002]	19	49487618	[49487618,49487619]	1	1	ENO1	RPL13A	inter-chromosomal
183	12	56712430	[56712430,56712431]	16	1964627	[1964627,1964628]	1	1	NACA	RPS2	inter-chromosomal
184	6	73373293	[73373293,73373294]	7	137514243	[137514243,137514244]	1	1	OOEP	DGKI	inter-chromosomal
185	13	45341167	[45341167,45341168]	17	28723913	[28723913,28723914]	1	1	TPT1	RPL23A	inter-chromosomal
186	16	18789118	[18789118,18789119]	X	154400912	[154400912,154400913]	1	1	RPS15A	RPL10	inter-chromosomal
187	8	56074479	[56074479,56074480]	X	154400913	[154400913,154400914]	1	1	RPS20	RPL10	inter-chromosomal
188	11	119018335	[119018335,119018336]	16	18782967	[18782967,18782968]	1	1	RPS25	RPS15A	inter-chromosomal
189	11	46429151	[46429151,46429152]	19	49491840	[49491840,49491841]	1	1	AMBRA1	RPL13A	inter-chromosomal
190	5	181243892	[181243892,181243893]	M	5515	[5515,5516]	1	1	RACK1	MT-ND2	inter-chromosomal
191	11	8685845	[8685845,8685846]	19	49496447	[49496447,49496448]	1	1	RPL27A	RPS11	inter-chromosomal
192	4	151104641	[151104641,151104642]	6	132814579	[132814579,132814580]	1	1	RPS3A	RPS12	inter-chromosomal
193	16	1962060	[1962060,1962061]	5	181243889	[181243889,181243890]	1	1	RPS2	RACK1	inter-chromosomal
194	19	5691666	[5691666,5691667]	X	154398495	[154398495,154398496]	1	1	RPL36	RPL10	inter-chromosomal
195	11	119015711	[119015711,119015712]	19	58387283	[58387283,58387284]	1	1	RPS25	RPS5	inter-chromosomal
196	15	82372902	[82372902,82372903]	7	44801627	[44801627,44801628]	1	1	UBE2Q2P2	PPIA	inter-chromosomal
197	2	101006417	[101006417,101006418]	8	98045535	[98045535,98045536]	1	1	RPL31	RPL30	inter-chromosomal
198	19	58394803	[58394803,58394804]	4	151099636	[151099636,151099637]	1	1	RPS5	RPS3A	inter-chromosomal
